Grade
2.328
4.634
4.274
4.785
4.498
4.531
4.755
4.946
4.335
5.409
5.076
5.055
4.852
2.077
5.861
4.739
4.717
4.71
5.735
5.221
5.083
4.946
4.677
2.899
5.769
5.178
4.794
5.21
4.4
4.539
4.235
5.576
5.152
5.216
5.761
5.193
4.71
4.653
4.967
4.493
2.106
4.727
5.275
3.275
4.364
5.304
4.76
1.989
3.223
5.083
4.305
5.559
4.589
2.258
5.187
5.176
3.937
4.16
5.263
5.409
4.446
4.815
4.009
5.097
5.187
4.906
5.126
5.845
5.649
5.252
4.743
4.996
3.796
5.378
5.086
4.081
5.481
4.409
5.012
4.873
4.346
5.217
3.281
5.664
4.799
5.006
5.72
5.886
5.669
4.313
4.493
2.223
5.557
5.12
4.837
5.341
4.548
4.651
5.207
4.666
4.644
5.661
4.438
4.296
5.061
4.638
4.352
5.667