Grade
3.209
5.538
3.737
2.859
3.032
4.756
5.539
4.234
3.26
4.575
4.858
4.099
3.293
3.02
3.395
5.167
3.61
4.927
5.362
4.858
3.367
4.362
4.501
2.941
2.907
5.567
3.668
5.807
2.744
2.294
2.32
3.22
2.559
3.138
3.113
5.204
5.327
3.153
2.968
3.315
3.771
4.212
4.519
4.617
2.683
4.593
4.24
3.289
2.911
3.227
2.419
3.77
2.459
3.343
3.385
4.775
4.602
2.169
4.495
2.961
2.667
3.565
4.915
2.718
5.683
3.461
3.549
4.381
5.021
4.594
5.836
2.993
4.706
3.687
4.837
2.449
3.826
4.374
5.04
5.397
4.745
4.704
3.667
4.946
4.553
3.349
2.957
4.739
5.022
2.309
3.403
5.303
3.019
3.111
2.787
2.584
4.344
4.652
5.238
4.666
4.658
2.816
5.183
4.268
4.725
4.366
3.07
3.144
2.616
4.093
5.201
2.513
4.752
2.125
3.779
5.144
5.015
4.802
2.643
5.091
5.736
3.574
5.561
4.31
3.485
4.781
2.931
5.098
4.798
4.165
2.252
3.081
5.425
4.681
5.414
5.878
2.279
2.548
3.261
4.789
3.313
5.139
5.065
5.023
4.4
5.501
3.54
4.685
4.905
5.226
4.272
3.603
2.311
4.709
4.991
3.616
2.563
3.258
5.216
3.736
3.152
5.152
2.686
4.851
4.58
2.538
5.626
3.134
3.43
2.853
4.796
5.499
2.856
5.437
3.011
4.282
2.599
5.954
4.151
3.558
5.177
4.419
2.508
3.474
5.416
5.138
2.973
2.683
2.59
5.918
3.279